-0.2814574819950937 2.5786776895996057 1.5707963267948966 0.70693904695149 2.5786776895996057 4.71238898038469 0 0.9375 1.75
-0.26498420651265064 2.5786776895996057 1.5707963267948966 0.690465771469047 2.5786776895996057 4.71238898038469 0 0.96875 1.7807291666666667
-0.24851093103020755 2.5786776895996057 1.5707963267948966 0.6739924959866039 2.5786776895996057 4.71238898038469 0 1 1.8104166666666666
-0.2320376555477645 2.5786776895996057 1.5707963267948966 0.6575192205041608 2.5786776895996057 4.71238898038469 0 1.03125 1.8390625
-0.21556438006532144 2.5786776895996057 1.5707963267948966 0.6410459450217177 2.5786776895996057 4.71238898038469 0 1.0625 1.8666666666666667
-0.19909110458287838 2.5786776895996057 1.5707963267948966 0.6245726695392747 2.5786776895996057 4.71238898038469 0 1.09375 1.8932291666666667
-0.18261782910043534 2.5786776895996057 1.5707963267948966 0.6080993940568317 2.5786776895996057 4.71238898038469 0 1.125 1.91875
-0.16614455361799227 2.5786776895996057 1.5707963267948966 0.5916261185743886 2.5786776895996057 4.71238898038469 0 1.15625 1.9432291666666668
-0.1496712781355492 2.5786776895996057 1.5707963267948966 0.5751528430919455 2.5786776895996057 4.71238898038469 0 1.1875 1.9666666666666668
-0.13319800265310613 2.5786776895996057 1.5707963267948966 0.5586795676095024 2.5786776895996057 4.71238898038469 0 1.21875 1.9890625
-0.11672472717066307 2.5786776895996057 1.5707963267948966 0.5422062921270594 2.5786776895996057 4.71238898038469 0 1.25 2.0104166666666665
-0.10025145168822003 2.5786776895996057 1.5707963267948966 0.5257330166446164 2.5786776895996057 4.71238898038469 0 1.28125 2.0307291666666667
-0.08377817620577696 2.5786776895996057 1.5707963267948966 0.5092597411621733 2.5786776895996057 4.71238898038469 0 1.3125 2.05
-0.0673049007233339 2.5786776895996057 1.5707963267948966 0.4927864656797302 2.5786776895996057 4.71238898038469 0 1.34375 2.068229166666667
-0.050831625240890854 2.5786776895996057 1.5707963267948966 0.4763131901972872 2.5786776895996057 4.71238898038469 0 1.375 2.0854166666666667
-0.03435834975844779 2.5786776895996057 1.5707963267948966 0.4598399147148441 2.5786776895996057 4.71238898038469 0 1.40625 2.1015625
-0.01788507427600472 2.5786776895996057 1.5707963267948966 0.44336663923240105 2.5786776895996057 4.71238898038469 0 1.4375 2.1166666666666667
-0.0014117987935616805 2.5786776895996057 1.5707963267948966 0.426893363749958 2.5786776895996057 4.71238898038469 0 1.46875 2.130729166666667
0.015061476688881414 2.5786776895996057 1.5707963267948966 0.4104200882675149 2.5786776895996057 4.71238898038469 0 1.5 2.14375
0.031534752171324454 2.5786776895996057 1.5707963267948966 0.3939468127850719 2.5786776895996057 4.71238898038469 0 1.53125 2.1557291666666667
0.04800802765376755 2.5786776895996057 1.5707963267948966 0.3774735373026288 2.5786776895996057 4.71238898038469 0 1.5625 2.1666666666666665
0.06448130313621059 2.5786776895996057 1.5707963267948966 0.36100026182018574 2.5786776895996057 4.71238898038469 0 1.59375 2.1765625
0.08095457861865363 2.5786776895996057 1.5707963267948966 0.3445269863377427 2.5786776895996057 4.71238898038469 0 1.625 2.185416666666667
0.09742785410109672 2.5786776895996057 1.5707963267948966 0.3280537108552996 2.5786776895996057 4.71238898038469 0 1.65625 2.193229166666667
0.11390112958353976 2.5786776895996057 1.5707963267948966 0.31158043537285657 2.5786776895996057 4.71238898038469 0 1.6875 2.2
0.1303744050659828 2.5786776895996057 1.5707963267948966 0.29510715989041353 2.5786776895996057 4.71238898038469 0 1.71875 2.2057291666666665
0.1468476805484259 2.5786776895996057 1.5707963267948966 0.27863388440797043 2.5786776895996057 4.71238898038469 0 1.75 2.2104166666666667
0.16332095603086894 2.5786776895996057 1.5707963267948966 0.2621606089255274 2.5786776895996057 4.71238898038469 0 1.78125 2.2140625
0.17979423151331198 2.5786776895996057 1.5707963267948966 0.24568733344308435 2.5786776895996057 4.71238898038469 0 1.8125 2.216666666666667
0.19626750699575507 2.5786776895996057 1.5707963267948966 0.22921405796064126 2.5786776895996057 4.71238898038469 0 1.84375 2.2182291666666667
0.2127407824781981 2.5786776895996057 1.5707963267948966 0.21274078247819822 2.5786776895996057 4.71238898038469 0 1.875 2.21875
0.2292140579606412 2.5786776895996057 1.5707963267948966 0.19626750699575513 2.5786776895996057 4.71238898038469 0 1.90625 2.2182291666666667
0.24568733344308424 2.5786776895996057 1.5707963267948966 0.17979423151331209 2.5786776895996057 4.71238898038469 0 1.9375 2.216666666666667
0.2621606089255273 2.5786776895996057 1.5707963267948966 0.16332095603086905 2.5786776895996057 4.71238898038469 0 1.96875 2.2140625
0.2786338844079703 2.5786776895996057 1.5707963267948966 0.146847680548426 2.5786776895996057 4.71238898038469 0 2 2.2104166666666667
0.2951071598904135 2.5786776895996057 1.5707963267948966 0.13037440506598286 2.5786776895996057 4.71238898038469 0 2.03125 2.2057291666666665
0.3115804353728565 2.5786776895996057 1.5707963267948966 0.11390112958353982 2.5786776895996057 4.71238898038469 0 2.0625 2.2
0.32805371085529955 2.5786776895996057 1.5707963267948966 0.09742785410109678 2.5786776895996057 4.71238898038469 0 2.09375 2.193229166666667
0.3445269863377426 2.5786776895996057 1.5707963267948966 0.08095457861865374 2.5786776895996057 4.71238898038469 0 2.125 2.185416666666667
0.36100026182018563 2.5786776895996057 1.5707963267948966 0.0644813031362107 2.5786776895996057 4.71238898038469 0 2.15625 2.1765625
0.3774735373026288 2.5786776895996057 1.5707963267948966 0.04800802765376755 2.5786776895996057 4.71238898038469 0 2.1875 2.1666666666666665
0.3939468127850718 2.5786776895996057 1.5707963267948966 0.03153475217132451 2.5786776895996057 4.71238898038469 0 2.21875 2.1557291666666667
0.41042008826751486 2.5786776895996057 1.5707963267948966 0.01506147668888147 2.5786776895996057 4.71238898038469 0 2.25 2.14375
0.4268933637499579 2.5786776895996057 1.5707963267948966 -0.0014117987935615695 2.5786776895996057 4.71238898038469 0 2.28125 2.130729166666667
0.44336663923240094 2.5786776895996057 1.5707963267948966 -0.01788507427600461 2.5786776895996057 4.71238898038469 0 2.3125 2.1166666666666667
0.459839914714844 2.5786776895996057 1.5707963267948966 -0.03435834975844765 2.5786776895996057 4.71238898038469 0 2.34375 2.1015625
0.47631319019728713 2.5786776895996057 1.5707963267948966 -0.0508316252408908 2.5786776895996057 4.71238898038469 0 2.375 2.0854166666666667
0.49278646567973017 2.5786776895996057 1.5707963267948966 -0.06730490072333384 2.5786776895996057 4.71238898038469 0 2.40625 2.068229166666667
0.5092597411621732 2.5786776895996057 1.5707963267948966 -0.08377817620577688 2.5786776895996057 4.71238898038469 0 2.4375 2.05
0.5257330166446162 2.5786776895996057 1.5707963267948966 -0.10025145168821992 2.5786776895996057 4.71238898038469 0 2.46875 2.0307291666666667
0.5422062921270593 2.5786776895996057 1.5707963267948966 -0.11672472717066296 2.5786776895996057 4.71238898038469 0 2.5 2.0104166666666665
0.5586795676095024 2.5786776895996057 1.5707963267948966 -0.1331980026531061 2.5786776895996057 4.71238898038469 0 2.53125 1.9890625
0.5751528430919455 2.5786776895996057 1.5707963267948966 -0.14967127813554915 2.5786776895996057 4.71238898038469 0 2.5625 1.9666666666666668
0.5916261185743885 2.5786776895996057 1.5707963267948966 -0.16614455361799219 2.5786776895996057 4.71238898038469 0 2.59375 1.9432291666666668
0.6080993940568316 2.5786776895996057 1.5707963267948966 -0.18261782910043522 2.5786776895996057 4.71238898038469 0 2.625 1.91875
0.6245726695392746 2.5786776895996057 1.5707963267948966 -0.19909110458287826 2.5786776895996057 4.71238898038469 0 2.65625 1.8932291666666667
0.6410459450217176 2.5786776895996057 1.5707963267948966 -0.2155643800653213 2.5786776895996057 4.71238898038469 0 2.6875 1.8666666666666667
0.6575192205041608 2.5786776895996057 1.5707963267948966 -0.23203765554776445 2.5786776895996057 4.71238898038469 0 2.71875 1.8390625
0.6739924959866038 2.5786776895996057 1.5707963267948966 -0.2485109310302075 2.5786776895996057 4.71238898038469 0 2.75 1.8104166666666666
0.6904657714690469 2.5786776895996057 1.5707963267948966 -0.26498420651265053 2.5786776895996057 4.71238898038469 0 2.78125 1.7807291666666667
0.70693904695149 2.5786776895996057 1.5707963267948966 -0.2814574819950937 2.5786776895996057 4.71238898038469 0 2.8125 1.75
0.690465771469047 2.5786776895996057 1.5707963267948966 -0.26498420651265064 2.5786776895996057 4.71238898038469 0 2.84375 1.7807291666666667
0.6739924959866039 2.5786776895996057 1.5707963267948966 -0.24851093103020755 2.5786776895996057 4.71238898038469 0 2.875 1.8104166666666666
0.6575192205041608 2.5786776895996057 1.5707963267948966 -0.2320376555477645 2.5786776895996057 4.71238898038469 0 2.90625 1.8390625
0.6410459450217177 2.5786776895996057 1.5707963267948966 -0.21556438006532144 2.5786776895996057 4.71238898038469 0 2.9375 1.8666666666666667
0.6245726695392747 2.5786776895996057 1.5707963267948966 -0.19909110458287838 2.5786776895996057 4.71238898038469 0 2.96875 1.8932291666666667
0.6080993940568317 2.5786776895996057 1.5707963267948966 -0.18261782910043534 2.5786776895996057 4.71238898038469 0 3 1.91875
0.5916261185743886 2.5786776895996057 1.5707963267948966 -0.16614455361799227 2.5786776895996057 4.71238898038469 0 3.03125 1.9432291666666668
0.5751528430919455 2.5786776895996057 1.5707963267948966 -0.1496712781355492 2.5786776895996057 4.71238898038469 0 3.0625 1.9666666666666668
0.5586795676095024 2.5786776895996057 1.5707963267948966 -0.13319800265310613 2.5786776895996057 4.71238898038469 0 3.09375 1.9890625
0.5422062921270594 2.5786776895996057 1.5707963267948966 -0.11672472717066307 2.5786776895996057 4.71238898038469 0 3.125 2.0104166666666665
0.5257330166446164 2.5786776895996057 1.5707963267948966 -0.10025145168822003 2.5786776895996057 4.71238898038469 0 3.15625 2.0307291666666667
0.5092597411621733 2.5786776895996057 1.5707963267948966 -0.08377817620577696 2.5786776895996057 4.71238898038469 0 3.1875 2.05
0.4927864656797302 2.5786776895996057 1.5707963267948966 -0.0673049007233339 2.5786776895996057 4.71238898038469 0 3.21875 2.068229166666667
0.4763131901972872 2.5786776895996057 1.5707963267948966 -0.050831625240890854 2.5786776895996057 4.71238898038469 0 3.25 2.0854166666666667
0.4598399147148441 2.5786776895996057 1.5707963267948966 -0.03435834975844779 2.5786776895996057 4.71238898038469 0 3.28125 2.1015625
0.44336663923240105 2.5786776895996057 1.5707963267948966 -0.01788507427600472 2.5786776895996057 4.71238898038469 0 3.3125 2.1166666666666667
0.426893363749958 2.5786776895996057 1.5707963267948966 -0.0014117987935616805 2.5786776895996057 4.71238898038469 0 3.34375 2.130729166666667
0.4104200882675149 2.5786776895996057 1.5707963267948966 0.015061476688881414 2.5786776895996057 4.71238898038469 0 3.375 2.14375
0.3939468127850719 2.5786776895996057 1.5707963267948966 0.031534752171324454 2.5786776895996057 4.71238898038469 0 3.40625 2.1557291666666667
0.3774735373026288 2.5786776895996057 1.5707963267948966 0.04800802765376755 2.5786776895996057 4.71238898038469 0 3.4375 2.1666666666666665
0.36100026182018574 2.5786776895996057 1.5707963267948966 0.06448130313621059 2.5786776895996057 4.71238898038469 0 3.46875 2.1765625
0.3445269863377427 2.5786776895996057 1.5707963267948966 0.08095457861865363 2.5786776895996057 4.71238898038469 0 3.5 2.185416666666667
0.3280537108552996 2.5786776895996057 1.5707963267948966 0.09742785410109672 2.5786776895996057 4.71238898038469 0 3.53125 2.193229166666667
0.31158043537285657 2.5786776895996057 1.5707963267948966 0.11390112958353976 2.5786776895996057 4.71238898038469 0 3.5625 2.2
0.29510715989041353 2.5786776895996057 1.5707963267948966 0.1303744050659828 2.5786776895996057 4.71238898038469 0 3.59375 2.2057291666666665
0.27863388440797043 2.5786776895996057 1.5707963267948966 0.1468476805484259 2.5786776895996057 4.71238898038469 0 3.625 2.2104166666666667
0.2621606089255274 2.5786776895996057 1.5707963267948966 0.16332095603086894 2.5786776895996057 4.71238898038469 0 3.65625 2.2140625
0.24568733344308435 2.5786776895996057 1.5707963267948966 0.17979423151331198 2.5786776895996057 4.71238898038469 0 3.6875 2.216666666666667
0.22921405796064126 2.5786776895996057 1.5707963267948966 0.19626750699575507 2.5786776895996057 4.71238898038469 0 3.71875 2.2182291666666667
0.21274078247819822 2.5786776895996057 1.5707963267948966 0.2127407824781981 2.5786776895996057 4.71238898038469 0 3.75 2.21875
0.19626750699575513 2.5786776895996057 1.5707963267948966 0.2292140579606412 2.5786776895996057 4.71238898038469 0 3.78125 2.2182291666666667
0.17979423151331209 2.5786776895996057 1.5707963267948966 0.24568733344308424 2.5786776895996057 4.71238898038469 0 3.8125 2.216666666666667
0.16332095603086905 2.5786776895996057 1.5707963267948966 0.2621606089255273 2.5786776895996057 4.71238898038469 0 3.84375 2.2140625
0.146847680548426 2.5786776895996057 1.5707963267948966 0.2786338844079703 2.5786776895996057 4.71238898038469 0 3.875 2.2104166666666667
0.13037440506598286 2.5786776895996057 1.5707963267948966 0.2951071598904135 2.5786776895996057 4.71238898038469 0 3.90625 2.2057291666666665
0.11390112958353982 2.5786776895996057 1.5707963267948966 0.3115804353728565 2.5786776895996057 4.71238898038469 0 3.9375 2.2
0.09742785410109678 2.5786776895996057 1.5707963267948966 0.32805371085529955 2.5786776895996057 4.71238898038469 0 3.96875 2.193229166666667
0.08095457861865374 2.5786776895996057 1.5707963267948966 0.3445269863377426 2.5786776895996057 4.71238898038469 0 4 2.185416666666667
0.0644813031362107 2.5786776895996057 1.5707963267948966 0.36100026182018563 2.5786776895996057 4.71238898038469 0 4.03125 2.1765625
0.04800802765376755 2.5786776895996057 1.5707963267948966 0.3774735373026288 2.5786776895996057 4.71238898038469 0 4.0625 2.1666666666666665
0.03153475217132451 2.5786776895996057 1.5707963267948966 0.3939468127850718 2.5786776895996057 4.71238898038469 0 4.09375 2.1557291666666667
0.01506147668888147 2.5786776895996057 1.5707963267948966 0.41042008826751486 2.5786776895996057 4.71238898038469 0 4.125 2.14375
-0.0014117987935615695 2.5786776895996057 1.5707963267948966 0.4268933637499579 2.5786776895996057 4.71238898038469 0 4.15625 2.130729166666667
-0.01788507427600461 2.5786776895996057 1.5707963267948966 0.44336663923240094 2.5786776895996057 4.71238898038469 0 4.1875 2.1166666666666667
-0.03435834975844765 2.5786776895996057 1.5707963267948966 0.459839914714844 2.5786776895996057 4.71238898038469 0 4.21875 2.1015625
-0.0508316252408908 2.5786776895996057 1.5707963267948966 0.47631319019728713 2.5786776895996057 4.71238898038469 0 4.25 2.0854166666666667
-0.06730490072333384 2.5786776895996057 1.5707963267948966 0.49278646567973017 2.5786776895996057 4.71238898038469 0 4.28125 2.068229166666667
-0.08377817620577688 2.5786776895996057 1.5707963267948966 0.5092597411621732 2.5786776895996057 4.71238898038469 0 4.3125 2.05
-0.10025145168821992 2.5786776895996057 1.5707963267948966 0.5257330166446162 2.5786776895996057 4.71238898038469 0 4.34375 2.0307291666666667
-0.11672472717066296 2.5786776895996057 1.5707963267948966 0.5422062921270593 2.5786776895996057 4.71238898038469 0 4.375 2.0104166666666665
-0.1331980026531061 2.5786776895996057 1.5707963267948966 0.5586795676095024 2.5786776895996057 4.71238898038469 0 4.40625 1.9890625
-0.14967127813554915 2.5786776895996057 1.5707963267948966 0.5751528430919455 2.5786776895996057 4.71238898038469 0 4.4375 1.9666666666666668
-0.16614455361799219 2.5786776895996057 1.5707963267948966 0.5916261185743885 2.5786776895996057 4.71238898038469 0 4.46875 1.9432291666666668
-0.18261782910043522 2.5786776895996057 1.5707963267948966 0.6080993940568316 2.5786776895996057 4.71238898038469 0 4.5 1.91875
-0.19909110458287826 2.5786776895996057 1.5707963267948966 0.6245726695392746 2.5786776895996057 4.71238898038469 0 4.53125 1.8932291666666667
-0.2155643800653213 2.5786776895996057 1.5707963267948966 0.6410459450217176 2.5786776895996057 4.71238898038469 0 4.5625 1.8666666666666667
-0.23203765554776445 2.5786776895996057 1.5707963267948966 0.6575192205041608 2.5786776895996057 4.71238898038469 0 4.59375 1.8390625
-0.2485109310302075 2.5786776895996057 1.5707963267948966 0.6739924959866038 2.5786776895996057 4.71238898038469 0 4.625 1.8104166666666666
-0.26498420651265053 2.5786776895996057 1.5707963267948966 0.6904657714690469 2.5786776895996057 4.71238898038469 0 4.65625 1.7807291666666667
-0.2814574819950937 2.5786776895996057 1.5707963267948966 0.70693904695149 2.5786776895996057 4.71238898038469 0 4.6875 1.75
-0.26553712958192177 2.5726372613470265 1.5707963267948966 0.6874455573427573 2.5726372613470265 4.71238898038469 0.010416666666666666 4.703125 1.7807291666666667
-0.24961677716874991 2.5665968330944473 1.5707963267948966 0.6679520677340246 2.5665968330944473 4.71238898038469 0.020833333333333332 4.71875 1.8104166666666666
-0.233696424755578 2.5605564048418676 1.5707963267948966 0.6484585781252918 2.5605564048418676 4.71238898038469 0.03125 4.734375 1.8390625
-0.21777607234240612 2.5545159765892884 1.5707963267948966 0.6289650885165592 2.5545159765892884 4.71238898038469 0.041666666666666664 4.75 1.8666666666666667
-0.20185571992923423 2.548475548336709 1.5707963267948966 0.6094715989078264 2.548475548336709 4.71238898038469 0.05208333333333333 4.765625 1.8932291666666667
-0.18593536751606232 2.54243512008413 1.5707963267948966 0.5899781092990937 2.54243512008413 4.71238898038469 0.0625 4.78125 1.91875
-0.17001501510289044 2.5363946918315503 1.5707963267948966 0.570484619690361 2.5363946918315503 4.71238898038469 0.07291666666666666 4.796875 1.9432291666666668
-0.15409466268971855 2.530354263578971 1.5707963267948966 0.5509911300816283 2.530354263578971 4.71238898038469 0.08333333333333333 4.8125 1.9666666666666668
-0.13817431027654667 2.524313835326392 1.5707963267948966 0.5314976404728955 2.524313835326392 4.71238898038469 0.09375 4.828125 1.9890625
-0.12225395786337478 2.5182734070738126 1.5707963267948966 0.5120041508641628 2.5182734070738126 4.71238898038469 0.10416666666666666 4.84375 2.0104166666666665
-0.10633360545020287 2.5122329788212334 1.5707963267948966 0.4925106612554301 2.5122329788212334 4.71238898038469 0.11458333333333333 4.859375 2.0307291666666667
-0.09041325303703099 2.5061925505686538 1.5707963267948966 0.4730171716466974 2.5061925505686538 4.71238898038469 0.125 4.875 2.05
-0.0744929006238591 2.5001521223160745 1.5707963267948966 0.45352368203796467 2.5001521223160745 4.71238898038469 0.13541666666666666 4.890625 2.068229166666667
-0.05857254821068719 2.4941116940634953 1.5707963267948966 0.4340301924292319 2.4941116940634953 4.71238898038469 0.14583333333333331 4.90625 2.0854166666666667
-0.04265219579751531 2.488071265810916 1.5707963267948966 0.4145367028204992 2.488071265810916 4.71238898038469 0.15625 4.921875 2.1015625
-0.026731843384343423 2.482030837558337 1.5707963267948966 0.3950432132117665 2.482030837558337 4.71238898038469 0.16666666666666666 4.9375 2.1166666666666667
-0.010811490971171511 2.475990409305757 1.5707963267948966 0.3755497236030338 2.475990409305757 4.71238898038469 0.17708333333333331 4.953125 2.130729166666667
0.005108861442000345 2.469949981053178 1.5707963267948966 0.3560562339943011 2.469949981053178 4.71238898038469 0.1875 4.96875 2.14375
0.021029213855172257 2.4639095528005988 1.5707963267948966 0.3365627443855683 2.4639095528005988 4.71238898038469 0.19791666666666666 4.984375 2.1557291666666667
0.036949566268344114 2.4578691245480195 1.5707963267948966 0.3170692547768356 2.4578691245480195 4.71238898038469 0.20833333333333331 5 2.1666666666666665
0.052869918681516026 2.45182869629544 1.5707963267948966 0.2975757651681029 2.45182869629544 4.71238898038469 0.21875 5.015625 2.1765625
0.06879027109468794 2.4457882680428606 1.5707963267948966 0.27808227555937015 2.4457882680428606 4.71238898038469 0.22916666666666666 5.03125 2.185416666666667
0.0847106235078598 2.4397478397902814 1.5707963267948966 0.25858878595063745 2.4397478397902814 4.71238898038469 0.23958333333333331 5.046875 2.193229166666667
0.1006309759210317 2.433707411537702 1.5707963267948966 0.23909529634190474 2.433707411537702 4.71238898038469 0.25 5.0625 2.2
0.11655132833420362 2.427666983285123 1.5707963267948966 0.21960180673317203 2.427666983285123 4.71238898038469 0.26041666666666663 5.078125 2.2057291666666665
0.13247168074737548 2.4216265550325433 1.5707963267948966 0.20010831712443933 2.4216265550325433 4.71238898038469 0.2708333333333333 5.09375 2.2104166666666667
0.1483920331605474 2.415586126779964 1.5707963267948966 0.18061482751570657 2.415586126779964 4.71238898038469 0.28125 5.109375 2.2140625
0.1643123855737193 2.409545698527385 1.5707963267948966 0.1611213379069738 2.409545698527385 4.71238898038469 0.29166666666666663 5.125 2.216666666666667
0.18023273798689116 2.4035052702748056 1.5707963267948966 0.14162784829824115 2.4035052702748056 4.71238898038469 0.3020833333333333 5.140625 2.2182291666666667
0.19615309040006307 2.3974648420222264 1.5707963267948966 0.1221343586895084 2.3974648420222264 4.71238898038469 0.3125 5.15625 2.21875
0.21207344281323492 2.3914244137696468 1.5707963267948966 0.10264086908077574 2.3914244137696468 4.71238898038469 0.32291666666666663 5.171875 2.2182291666666667
0.22799379522640684 2.3853839855170675 1.5707963267948966 0.08314737947204298 2.3853839855170675 4.71238898038469 0.3333333333333333 5.1875 2.216666666666667
0.24391414763957875 2.3793435572644883 1.5707963267948966 0.06365388986331022 2.3793435572644883 4.71238898038469 0.34375 5.203125 2.2140625
0.25983450005275066 2.373303129011909 1.5707963267948966 0.04416040025457757 2.373303129011909 4.71238898038469 0.35416666666666663 5.21875 2.2104166666666667
0.27575485246592246 2.3672627007593294 1.5707963267948966 0.02466691064584481 2.3672627007593294 4.71238898038469 0.3645833333333333 5.234375 2.2057291666666665
0.2916752048790944 2.36122227250675 1.5707963267948966 0.005173421037112158 2.36122227250675 4.71238898038469 0.375 5.25 2.2
0.3075955572922663 2.355181844254171 1.5707963267948966 -0.014320068571620603 2.355181844254171 4.71238898038469 0.38541666666666663 5.265625 2.193229166666667
0.3235159097054382 2.3491414160015918 1.5707963267948966 -0.033813558180353365 2.3491414160015918 4.71238898038469 0.3958333333333333 5.28125 2.185416666666667
0.3394362621186101 2.3431009877490125 1.5707963267948966 -0.053307047789086015 2.3431009877490125 4.71238898038469 0.40625 5.296875 2.1765625
0.3553566145317819 2.337060559496433 1.5707963267948966 -0.07280053739781878 2.337060559496433 4.71238898038469 0.41666666666666663 5.3125 2.1666666666666665
0.3712769669449538 2.3310201312438537 1.5707963267948966 -0.09229402700655154 2.3310201312438537 4.71238898038469 0.4270833333333333 5.328125 2.1557291666666667
0.38719731935812574 2.3249797029912744 1.5707963267948966 -0.11178751661528419 2.3249797029912744 4.71238898038469 0.4375 5.34375 2.14375
0.40311767177129765 2.318939274738695 1.5707963267948966 -0.13128100622401695 2.318939274738695 4.71238898038469 0.44791666666666663 5.359375 2.130729166666667
0.41903802418446956 2.3128988464861155 1.5707963267948966 -0.1507744958327497 2.3128988464861155 4.71238898038469 0.4583333333333333 5.375 2.1166666666666667
0.43495837659764147 2.3068584182335363 1.5707963267948966 -0.17026798544148236 2.3068584182335363 4.71238898038469 0.46875 5.390625 2.1015625
0.4508787290108133 2.300817989980957 1.5707963267948966 -0.18976147505021512 2.300817989980957 4.71238898038469 0.47916666666666663 5.40625 2.0854166666666667
0.4667990814239852 2.294777561728378 1.5707963267948966 -0.20925496465894777 2.294777561728378 4.71238898038469 0.4895833333333333 5.421875 2.068229166666667
0.4827194338371571 2.2887371334757987 1.5707963267948966 -0.22874845426768053 2.2887371334757987 4.71238898038469 0.5 5.4375 2.05
0.498639786250329 2.282696705223219 1.5707963267948966 -0.2482419438764133 2.282696705223219 4.71238898038469 0.5104166666666666 5.453125 2.0307291666666667
0.5145601386635009 2.2766562769706398 1.5707963267948966 -0.26773543348514595 2.2766562769706398 4.71238898038469 0.5208333333333333 5.46875 2.0104166666666665
0.5304804910766727 2.2706158487180605 1.5707963267948966 -0.2872289230938787 2.2706158487180605 4.71238898038469 0.53125 5.484375 1.9890625
0.5464008434898446 2.2645754204654813 1.5707963267948966 -0.30672241270261136 2.2645754204654813 4.71238898038469 0.5416666666666666 5.5 1.9666666666666668
0.5623211959030165 2.258534992212902 1.5707963267948966 -0.32621590231134423 2.258534992212902 4.71238898038469 0.5520833333333333 5.515625 1.9432291666666668
0.5782415483161885 2.2524945639603224 1.5707963267948966 -0.3457093919200769 2.2524945639603224 4.71238898038469 0.5625 5.53125 1.91875
0.5941619007293604 2.246454135707743 1.5707963267948966 -0.36520288152880953 2.246454135707743 4.71238898038469 0.5729166666666666 5.546875 1.8932291666666667
0.6100822531425323 2.240413707455164 1.5707963267948966 -0.3846963711375424 2.240413707455164 4.71238898038469 0.5833333333333333 5.5625 1.8666666666666667
0.6260026055557041 2.2343732792025848 1.5707963267948966 -0.40418986074627505 2.2343732792025848 4.71238898038469 0.59375 5.578125 1.8390625
0.641922957968876 2.228332850950005 1.5707963267948966 -0.4236833503550077 2.228332850950005 4.71238898038469 0.6041666666666666 5.59375 1.8104166666666666
0.6578433103820479 2.222292422697426 1.5707963267948966 -0.44317683996374035 2.222292422697426 4.71238898038469 0.6145833333333333 5.609375 1.7807291666666667
